388,507
388,507
388,496
388,485
388,474
388,463
388,452
388,441
388,430
388,419
388,408
388,397
388,386
388,375
388,364
388,353
388,342
388,331
388,320
388,309
388,298
388,287
388,277
405,277
405,277
405,288
405,299
405,310
405,321
405,332
405,343
405,354
405,365
405,376
405,387
405,398
405,409
405,420
405,431
405,442
405,453
405,464
405,475
405,486
405,497
405,507
422,507
422,507
422,496
422,485
422,474
422,463
422,452
422,441
422,430
422,419
422,408
422,397
422,386
422,375
422,364
422,353
422,342
422,331
422,320
422,309
422,298
422,287
422,277
439,277
439,277
439,288
439,299
439,310
439,321
439,332
439,343
439,354
439,365
439,376
439,387
439,398
439,409
439,420
439,431
439,442
439,453
439,464
439,475
439,486
439,497
439,507
456,507
456,507
456,496
456,485
456,474
456,463
456,452
456,441
456,430
456,419
456,408
456,397
456,386
456,375
456,364
456,353
456,342
456,331
456,320
456,309
456,298
456,287
456,277
473,277
473,277
473,288
473,299
473,310
473,321
473,332
473,343
473,354
473,365
473,376
473,387
473,398
473,409
473,420
473,431
473,442
473,453
473,464
473,475
473,486
473,497
473,507
490,507
490,507
490,496
490,485
490,474
490,463
490,452
490,441
490,430
490,419
490,408
490,397
490,386
490,375
490,364
490,353
490,342
490,331
490,320
490,309
490,298
490,287
490,277
507,277
507,277
507,288
507,299
507,310
507,321
507,332
507,343
507,354
507,365
507,376
507,387
507,398
507,409
507,420
507,431
507,442
507,453
507,464
507,475
507,486
507,497
507,507
524,507
524,507
524,496
524,485
524,474
524,463
524,452
524,441
524,430
524,419
524,408
524,397
524,386
524,375
524,364
524,353
524,342
524,331
524,320
524,309
524,298
524,287
524,277
541,277
541,277
541,288
541,299
541,310
541,321
541,332
541,343
541,354
541,365
541,376
541,387
541,398
541,409
541,420
541,431
541,442
541,453
541,464
541,475
541,486
541,497
541,507
558,507
558,507
558,496
558,485
558,474
558,463
558,452
558,441
558,430
558,419
558,408
558,397
558,386
558,375
558,364
558,353
558,342
558,331
558,320
558,309
558,298
558,287
558,277
575,277
575,277
575,288
575,299
575,310
575,321
575,332
575,343
575,354
575,365
575,376
575,387
575,398
575,409
575,420
575,431
575,442
575,453
575,464
575,475
575,486
575,497
575,507
592,507
592,507
592,496
592,485
592,474
592,463
592,452
592,441
592,430
592,419
592,408
592,397
592,386
592,375
592,364
592,353
592,342
592,331
592,320
592,309
592,298
592,287
592,277
609,277
609,277
609,288
609,299
609,310
609,321
609,332
609,343
609,354
609,365
609,376
609,387
609,398
609,409
609,420
609,431
609,442
609,453
609,464
609,475
609,486
609,497
609,507
