388,507
388,507
388,484
388,461
388,438
388,415
388,392
388,369
388,346
388,323
388,300
388,277
388,277
405,277
405,277
405,300
405,323
405,346
405,369
405,392
405,415
405,438
405,461
405,484
405,507
405,507
422,507
422,507
422,484
422,461
422,438
422,415
422,392
422,369
422,346
422,323
422,300
422,277
422,277
439,277
439,277
439,300
439,323
439,346
439,369
439,392
439,415
439,438
439,461
439,484
439,507
439,507
456,507
456,507
456,484
456,461
456,438
456,415
456,392
456,369
456,346
456,323
456,300
456,277
456,277
473,277
473,277
473,300
473,323
473,346
473,369
473,392
473,415
473,438
473,461
473,484
473,507
473,507
490,507
490,507
490,484
490,461
490,438
490,415
490,392
490,369
490,346
490,323
490,300
490,277
490,277
507,277
507,277
507,300
507,323
507,346
507,369
507,392
507,415
507,438
507,461
507,484
507,507
507,507
524,507
524,507
524,484
524,461
524,438
524,415
524,392
524,369
524,346
524,323
524,300
524,277
524,277
541,277
541,277
541,300
541,323
541,346
541,369
541,392
541,415
541,438
541,461
541,484
541,507
541,507
558,507
558,507
558,484
558,461
558,438
558,415
558,392
558,369
558,346
558,323
558,300
558,277
558,277
575,277
575,277
575,300
575,323
575,346
575,369
575,392
575,415
575,438
575,461
575,484
575,507
575,507
592,507
592,507
592,484
592,461
592,438
592,415
592,392
592,369
592,346
592,323
592,300
592,277
592,277
609,277
609,277
609,300
609,323
609,346
609,369
609,392
609,415
609,438
609,461
609,484
609,507
609,507
